Run semi-empirical minimization
 &qmmm
    qm_theory='AM1', grms_tol=0.0005,
 scfconv=1.d-10, ndiis_attempts=700,   qmcharge=0,
 /
   8    O1       38.4350      -50.9890       68.1470 
   8    O2       37.5890      -47.3870       62.6380 
   8    O3       37.9680      -44.7170       63.2480 
   8    O4       38.9370      -43.2560       61.7630 
   8    O5       44.9430      -43.4780       64.4210 
   8    O6       45.4050      -46.2650       63.7580 
   8    O7       43.2450      -44.8190       68.5200 
   8    O8       40.6420      -44.5160       69.2530 
   8    O9       42.1120      -49.4480       68.1200 
   7    N1       39.5890      -49.1610       68.8170 
   7    N2       36.7290      -43.1860       62.2470 
   6    C1       39.2170      -50.1180       67.8480 
   6    C2       39.8780      -50.0730       66.5040 
   6    C3       39.7130      -48.9800       65.7140 
   6    C4       40.2930      -48.7990       64.3870 
   6    C5       39.8560      -47.9390       63.4440 
   6    C6       38.7090      -46.9950       63.5290 
   6    C7       39.1110      -45.5010       63.1470 
   6    C8       40.2740      -44.8800       64.1120 
   6    C9       41.4060      -44.4320       63.5920 
   6   C10       42.5670      -43.7870       64.2880 
   6   C11       43.9320      -44.3370       63.8430 
   6   C12       44.1430      -45.7890       64.2740 
   6   C13       44.1980      -45.9760       65.7870 
   6   C14       44.3630      -47.4320       66.2830 
   6   C15       44.1620      -47.5820       67.8310 
   6   C16       42.7820      -47.1900       68.2720 
   6   C17       42.3590      -45.9580       68.5760 
   6   C18       40.9730      -45.6670       68.9870 
   6   C19       40.0010      -46.7620       69.0660 
   6   C20       40.3710      -48.0090       68.7820 
   6   C21       41.7830      -48.2910       68.3730 
   6   C22       40.6640      -51.2890       66.1240 
   6   C23       37.8540      -48.5360       61.7580 
   6   C24       37.9700      -43.6720       62.3560 
   6   C25       39.9400      -44.8150       65.6040 
   6   C26       42.4790      -42.2760       63.9780 
   6   C27       45.4000      -46.4540       62.3080 
   6   C28       43.4520      -48.3420       65.5110 
   6   C29       44.6220      -44.8250       68.9240 
   1  HN22       36.5420      -42.4010       61.6230 
   1  HN21       35.9700      -43.6000       62.7880 
   1  H293       44.6910      -45.0950       69.9780 
   1  H292       45.1730      -45.5510       68.3270 
   1  H291       45.0490      -43.8330       68.7750 
   1  H283       42.4180      -48.0290       65.6550 
   1  H282       43.7020      -48.2930       64.4510 
   1  H281       43.5740      -49.3650       65.8660 
   1  H273       44.6380      -47.1850       62.0390 
   1  H272       45.1810      -45.5050       61.8180 
   1  H271       46.3770      -46.8130       61.9840 
   1  H263       42.5360      -42.1220       62.9000 
   1  H262       41.5340      -41.8820       64.3510 
   1  H261       43.3050      -41.7560       64.4630 
   1  H253       39.0580      -44.1920       65.7530 
   1  H252       39.7410      -45.8200       65.9770 
   1  H251       40.7820      -44.3870       66.1470 
   1  H233       38.6990      -48.3090       61.1080 
   1  H232       38.0870      -49.4120       62.3630 
   1  H231       36.9730      -48.7390       61.1490 
   1  H223       41.4610      -51.4490       66.8500 
   1  H222       40.0060      -52.1580       66.1110 
   1  H221       41.0980      -51.1470       65.1340 
   1  H152       44.3530      -48.6150       68.1200 
   1  H151       44.8950      -46.9650       68.3510 
   1  H132       45.0260      -45.3840       66.1770 
   1  H131       43.2840      -45.5680       66.2170 
   1   HO5       45.8320      -43.7980       64.1610 
   1   HN1       39.2020      -49.3550       69.7410 
   1    H9       41.5080      -44.5480       62.5130 
   1    H7       39.5170      -45.5090       62.1360 
   1    H6       38.3970      -47.0400       64.5720 
   1    H5       40.4110      -47.9350       62.5060 
   1    H4       41.1570      -49.4140       64.1350 
   1    H3       39.0960      -48.1710       66.1040 
   1   H19       38.9720      -46.5540       69.3580 
   1   H14       45.3960      -47.7260       66.0960 
   1   H12       43.2880      -46.3400       63.8830 
   1   H11       43.9890      -44.3390       62.7550 
   1   H10       42.5040      -44.0000       65.3550 

